{
 "cells": [
  {
   "cell_type": "code",
   "execution_count": null,
   "id": "c3eb297b",
   "metadata": {},
   "outputs": [
    {
     "name": "stdout",
     "output_type": "stream",
     "text": [
      "\n",
      "Matrix 1:\n",
      "[[ -6  -6  -3]\n",
      " [  9  -6  -5]\n",
      " [ -7   2 -10]]\n",
      "Determinant: -1098.0\n",
      "Inverse:\n",
      "[[-0.06375228  0.06010929 -0.01092896]\n",
      " [-0.11384335 -0.03551913  0.05191257]\n",
      " [ 0.02185792 -0.04918033 -0.08196721]]\n",
      "A * A_inv:\n",
      "[[ 1. -0.  0.]\n",
      " [ 0.  1.  0.]\n",
      " [ 0. -0.  1.]]\n",
      "\n",
      "Matrix 2:\n",
      "[[ 6  1 -1]\n",
      " [-4 -1  2]\n",
      " [ 8 -6  7]]\n",
      "Determinant: 41.999999999999986\n",
      "Inverse:\n",
      "[[ 0.11904762 -0.02380952  0.02380952]\n",
      " [ 1.04761905  1.19047619 -0.19047619]\n",
      " [ 0.76190476  1.04761905 -0.04761905]]\n",
      "A * A_inv:\n",
      "[[ 1.  0. -0.]\n",
      " [ 0.  1.  0.]\n",
      " [-0. -0.  1.]]\n",
      "\n",
      "Matrix 3:\n",
      "[[ 4 -7  0]\n",
      " [ 8  1  9]\n",
      " [-6 -9  6]]\n",
      "Determinant: 1062.0\n",
      "Inverse:\n",
      "[[ 0.0819209   0.03954802 -0.05932203]\n",
      " [-0.0960452   0.02259887 -0.03389831]\n",
      " [-0.06214689  0.07344633  0.05649718]]\n",
      "A * A_inv:\n",
      "[[ 1.  0.  0.]\n",
      " [ 0.  1. -0.]\n",
      " [ 0.  0.  1.]]\n"
     ]
    }
   ],
   "source": [
    "import numpy as np\n",
    "\n",
    "for i in range(3):\n",
    "    print(f\"\\nMatrix {i+1}:\")\n",
    "\n",
    "    A = np.random.randint(-10, 11, (3,3))\n",
    "    print(A)\n",
    "\n",
    "    det = np.linalg.det(A)\n",
    "    print(\"Determinant:\", det)\n",
    "\n",
    "    if det == 0:\n",
    "        print(\"This matrix does not have an inverse because its determinant is 0.\")\n",
    "    else:\n",
    "        A_inv = np.linalg.inv(A)\n",
    "        print(\"Inverse:\")\n",
    "        print(A_inv)\n",
    "\n",
    "        product = A @ A_inv\n",
    "        print(\"A * A_inv:\")\n",
    "        print(np.round(product, 6))"
   ]
  }
 ],
 "metadata": {
  "kernelspec": {
   "display_name": "Python 3",
   "language": "python",
   "name": "python3"
  },
  "language_info": {
   "codemirror_mode": {
    "name": "ipython",
    "version": 3
   },
   "file_extension": ".py",
   "mimetype": "text/x-python",
   "name": "python",
   "nbconvert_exporter": "python",
   "pygments_lexer": "ipython3",
   "version": "3.12.0"
  }
 },
 "nbformat": 4,
 "nbformat_minor": 5
}
